*~~~~~~~~~~~~~~~~~~~~~~~~~~~~~~*
*  CLASS input parameter file  *
*~~~~~~~~~~~~~~~~~~~~~~~~~~~~~~*

output = kPk,tCl

root = output/
non linear = halofit

P_k_max_h/Mpc = 200
k_per_decade_for_pk = 100
k_per_decade_for_bao = 100

z_pk = 0
z_max_pk = 15

#z_pk = 0, 0.001,0.0012342,0.0015231,0.0018798,0.00232,0.0028632,0.0035336,0.004361,0.0053822,0.0066425,0.0081978,0.010117,0.012486,0.01541,0.019019,0.023472,0.028968,0.035751,0.044122,0.054454,0.067204,0.08294,0.10236,0.12633,0.15591,0.19242,0.23747,0.29308,0.36171,0.4464,0.55093,0.67993,0.83914,1.0356,1.2781,1.5774,1.9468,2.4026,2.9652,3.6595,4.5164,5.5739,6.8791,8.4899,10.478,12.931,15.959,19.696,24.308,30
# z_max_pk = 30

# z_pk = 0,0.25,0.5,0.75, 1,1.25,1.5,1.75, 2,2.25,2.5,2.75,3, 3.25,3.5,3.75,4, 4.25,4.5,4.75,5
# z_max_pk = 5

h = 0.72
omega_b = 0.0266691
omega_cdm = 0.110616

gauge = sync
reio_parametrization = reio_camb
z_reio = 10.

A_s_ad = 2.3e-9
n_s_ad = 1.

l_max_scalars = 10000

background_verbose = 0
thermodynamics_verbose = 0
perturbations_verbose = 1
transfer_verbose = 1
primordial_verbose = 1
spectra_verbose = 1
nonlinear_verbose = 1
lensing_verbose = 0
output_verbose = 0
